99.99999413891732 99.99990481196964 96.71045559271198 99.99004735694865 99.2149047687475 99.34769941150904 92.88222999584988 93.848644187305 
99.99991879945811 99.99875546562829 96.70960046963705 99.86211421115273 99.21273308269588 99.34476979286153 1.3890755658265344 93.84815870263988 
99.99922900161522 99.98747845378816 96.70122302125002 99.80720014272895 49.096122968651166 14.192867175842622 92.71920164671741 93.84341934042362 
99.98956717182888 99.8400994260503 96.59157152070694 97.39111284531978 49.993095066342555 15.814549944859198 1.4792771708565244 93.78116577587033 
99.99934268338646 99.98932472426071 96.70259476861374 99.97283736537685 11.952080055350555 56.61829801777666 92.86512686266835 93.84419563226874 
99.99091610099786 99.86077402595747 96.60695197078675 99.62462134004822 11.928504438619566 56.48200644923921 1.3984043014023868 93.78989567963735 
99.99848696992181 99.97542734664829 96.69226925488985 99.94860951458112 0.10472321940209947 0.14276439747579597 92.84123576141954 93.83835227341677 
99.97916294939098 99.68063728289664 96.47294288733985 99.29226380827872 0.12330388149795228 0.1764953785332449 1.4113897086519103 93.71383246976225 
99.99500575489607 99.93791007060182 96.66409256752794 91.51932475032551 99.08440275037883 99.1670318223465 85.43519146909895 93.82200739382183 
99.96688220011792 99.59198712408774 96.40531813259999 43.763011238313254 98.35204111430649 98.15185106687146 3.417953222552887 93.67323669915734 
99.743385583465 96.809693822868 94.32466639708727 35.82966727494246 73.16685910921727 57.20040998146702 36.38551712601072 92.47797540245585 
99.61621021100507 95.27169147373274 93.17358290037693 4.027533648228847 85.15033204201087 78.58249365590363 4.858856766917528 91.8154886598627 
99.51282842357756 93.94333915229718 92.18107254069837 79.86835680569465 10.686611052801954 49.45981981730391 74.99674179889072 91.24645172545962 
98.13330774858306 77.00226232853704 79.5073983103755 22.861709964552347 7.112426141454299 29.266330005485962 4.195173521954327 83.95954570588201 
99.05211621319432 88.21562895381224 87.89762342021558 67.8048648028056 0.883592033200295 1.6645886256003815 64.20454827307863 88.78555224333024 
97.4716070056001 68.85007757897097 73.40927336547752 14.12243207507056 2.1709344261903083 4.192822600205881 4.518918207552542 80.45406680810572 
99.99982814288127 99.99775272644773 3.061241839592804 99.98845459737224 99.21286234729718 99.34565411129313 92.88043250211315 61.071124833872815 
99.99761968311115 99.97060023495258 3.0614531920340875 99.84008973809875 99.18600148074461 99.31800072726112 1.390021645931013 61.06739986573122 
99.97745678636745 99.7052157736746 3.063500334873533 99.59879119006352 48.97072963259521 14.166726005020926 92.48388050437545 61.03158605190825 
99.70484760475756 96.35451434472658 3.0895829044714 94.74707807079542 48.410124695459 15.434066848243816 1.5934148421668899 60.571880741529604 
99.98077266470492 99.74857554687425 3.0631655811194656 99.79468152731035 11.935218715286235 56.49310474188085 92.66406515421126 61.037446482880576 
99.74183541929605 96.81135816335538 3.0860290936281545 97.24319794712974 11.715289925651682 54.89772357420782 1.5007272474784932 60.63448291851763 
99.95588127364154 99.42308559781945 3.0656784859231023 99.5399509007047 0.13196643966234117 0.1697959107703911 92.38001584116206 60.99345383167757 
99.43048646765043 92.96582563404525 3.1159436829110616 94.06138369759273 0.45436665343630805 0.5039471556455658 1.6362335692565744 60.10752228515352 
99.85561263162481 98.548227748573 3.0728687023622094 90.30002181631211 97.76366257790234 97.84513171760099 84.31716313935372 60.86128710825464 
99.11201023472739 91.15061074432553 3.1323054606191487 40.3446336932986 90.36330230343175 90.18024381501144 3.549744140311721 59.78721306803347 
95.65447468976056 56.30702924866421 3.4116721847296168 22.661291034685828 44.36728124834716 35.146441362758544 23.459828339390203 54.74694840928491 
94.60134318554688 46.19891188247047 3.4933711006242256 3.918371573448461 43.45019419573548 40.29943168536107 4.910433189446683 53.2638624825312 
94.02009428057112 39.87381799869089 3.5434778482924583 36.14377185925002 7.3804925495620415 23.611483860464556 34.76157506203681 52.36827017423733 
91.27708540762089 13.070544626976528 3.759468165435684 6.852641095412526 5.336644354299934 8.867175678057947 4.83642459006229 48.4563032710985 
92.49260930485269 24.51540869201645 3.6666628605912117 21.71649971720748 3.88813197848027 4.099084134585594 21.569012806853493 50.14516761765107 
90.89744707350904 9.287204405819322 3.7898570982879645 5.082906494304018 4.652653797508139 4.900896604464985 4.904081725222856 47.907268300858796 
99.99483147561895 99.95545590262161 96.6769807174502 99.9567958059098 99.17278552206496 99.30552079831403 92.84506816333598 93.82887442033869 
99.92878030990242 99.41874389916313 96.27194422987829 99.40466773741129 98.66295093903592 98.79421714373824 1.4086051438424787 93.58842136691636 
99.3575957973061 94.46354254108574 92.54108998034299 95.68447135865148 46.64591361865692 13.682063785632606 88.10935645415049 91.38649354781941 
94.7529557599717 57.17649891907099 64.39840020983956 64.75152309821549 30.649306205787124 11.165072720702259 2.8793204249805204 74.67406195949211 
99.4477924730392 95.24088810644416 93.12649912860348 96.421048337838 11.620023927760213 54.15282408535328 88.89555645621337 91.73219709687142 
95.16247109991984 60.51873881656281 66.92026027074404 68.64714576966048 9.182229459631545 36.075907639289525 2.721234427887955 76.1705810644021 
98.80332238246686 89.68662612460517 88.94365443133564 92.25410804826022 0.6114208021364024 0.6455244351358953 84.24133397266009 89.26208835108982 
92.6651212335315 40.136737100838275 51.541185858178714 52.52256951099672 3.054194308015553 3.0754177583149827 3.4093199887195196 67.04434958509422 
96.60396208691265 77.1968179650411 79.36976216431323 71.61219134954024 77.51659297167247 77.58028024187182 67.16789228518508 83.35694289096007 
90.11545369903935 34.18341235266074 46.64156328794572 17.374123561186977 36.5817478899242 36.51402198342341 4.438496515434231 63.527871935924686 
86.0954626931906 6.635996583794487 25.7115244661355 6.592409046197149 9.18664228787944 8.206021910484404 7.630127827392571 50.891917435599574 
85.69292206460689 4.735835086269893 24.239768996957416 3.8882305793148553 8.386725007950293 8.109203231761688 4.95599163816816 49.96177113744063 
85.67921082549117 3.841013914442399 23.58606955364152 7.184509958305238 5.18947661434243 6.4813912987958355 8.055812242393605 49.60594624462473 
85.19599376546033 1.427021109442017 21.72263934022865 4.052697341225343 5.018989133580439 5.21813618613134 4.953399410687602 48.43744526414344 
85.44347012211769 2.2580992622356564 22.382336249502085 5.778042495035897 4.928346360729331 4.941941040497421 6.766010708443007 48.8776474029786 
85.16108432989272 1.1945754456958821 21.545809854530475 3.9502069917782845 4.981180083854759 4.994630378624279 4.957341049584882 48.330360688864985 
99.84961434717246 98.94406494572698 3.070256433431229 99.19298615674789 98.21343356792569 98.34481665048159 91.99714585373631 60.900393070992095 
98.15475440910811 87.71082589462969 3.167562646078645 90.09786699694412 87.5534421388096 87.66913865409158 1.8042542603508283 59.04169890723667 
91.7146452937249 41.824261111697666 3.5588308458454434 56.00095123836536 23.272096465009817 8.809245451044173 44.051805833581014 51.64839012436027 
85.86829873726212 5.884106657626551 3.8756087998494513 24.954158875885092 7.35000397822097 5.564847458384781 4.573407635683097 45.52686724037401 
92.26870484791195 45.714598350795264 3.525554834670613 59.005491452336365 8.152991090051366 28.410552300588986 47.37248140801357 52.27852904612734 
85.97706109636182 6.608454448340511 3.8693410223803113 25.644607088464067 5.412417019402132 8.064450032576842 4.544780227903683 45.646503449072654 
89.60147433281296 26.986600395102332 3.68574482102778 44.86568798624697 3.702725763355431 3.7128068767343945 31.6715776545886 49.245054127795086 
85.48988493653395 3.3639038705410016 3.897416100774592 23.065515548127852 4.869054481751323 4.870482741371455 4.654438324310357 45.110620362197594 
84.21170702871315 12.930104921521469 3.8495662704759557 15.275355397365619 16.468676198773807 16.47874849602287 15.437562890120457 45.571241016250276 
82.24985978648715 2.899068492308314 3.9422275185330182 4.7475034842710215 6.929276451290506 6.92513918830526 4.929866817996651 43.726577072146384 
82.06842961803737 1.1102748986683164 3.9565844980637186 4.77510407477013 5.183671127639197 5.140650578445499 5.803149909550844 43.46707421945534 
81.90822708585596 1.030190102293178 3.9591839729807705 3.9243548582221996 5.145687862904689 5.1337496174352415 4.961585362411234 43.39274486640214 
82.0455348233413 0.9840137901588818 3.957727682019823 4.798036852275951 5.008081172750249 5.063181300963332 5.818972677424508 43.44459720990971 
81.88206534753704 0.8870740970068869 3.9604824737485824 3.931254419150148 5.000790583656795 5.009081767895332 4.961485527813124 43.36718047870455 
82.03312493020725 0.9155752265292497 3.958347333382331 4.737332222400913 4.99699138789918 4.997562204936157 5.763270072440355 43.432413773013266 
81.88029060821862 0.8773655065997291 3.9605705604169663 3.9269851150680255 4.9992182282038184 4.999776948073769 4.961650053992106 43.36544626198525 
99.9978841937954 99.998004863283 96.70853005206797 99.98804311896069 99.21291688584371 99.345708726711 92.88037572891638 93.84687502682348 
99.97069517082309 99.97244069212618 96.6829311504967 99.8343920366698 99.18520068109645 99.31719880531293 1.3901308098303322 93.82365520822637 
99.7224399770811 99.73826988894659 96.44864835972564 99.54478219502766 48.97406879899318 14.167422132279018 92.47640265217402 93.61134816863023 
96.37008214360267 96.58629561847263 93.2923803630591 94.04668142968897 48.3644068084333 15.423078087148722 1.6067225026951972 90.74840262117058 
99.76326888877071 99.77677023016408 96.48717044885484 99.74862991060131 11.935667908279395 56.49643994193665 92.65769896008163 93.64626015701181 
96.82455594725367 97.01369901331215 93.72033985250974 96.62819284176713 11.709103104629126 54.85175262007116 1.5124541526750481 91.13656478407474 
99.45675514666537 99.48773769976953 96.19797465097348 99.43423489845848 0.13124289280971646 0.16907798659772888 92.36536463328491 93.38416636708847 
93.00271476201016 93.41950307949125 90.12146750990428 92.7126418798346 0.46359496608677236 0.5130748124927856 1.6617994242739993 87.87236313191629 
98.22892026022558 98.3486133059158 95.05309743758882 89.9912431896846 97.42270877158681 97.50387847061545 84.01456627044831 92.34156514298326 
89.31802310582857 90.04325347231642 86.71643095389344 39.63382529530438 88.40782048731386 88.2289554583279 3.5864789667076757 84.76003976871036 
51.846745312283446 55.101036795627344 51.64728432481209 21.02530230868121 40.433224592285995 32.13384296787453 21.314233805157144 52.87216199399589 
41.82667182135834 45.776227651031896 42.283354726095 4.591682610022119 38.6533745621627 35.89568261454153 4.940737037903358 44.35253747187914 
36.13631698373528 40.45235005528217 36.9450001668138 32.187114630750166 7.064991849016487 21.144794268325658 30.418074127155364 39.50320657009224 
12.711416704956454 18.637691577148857 15.04301906519084 7.313665396912872 5.273627064638074 8.143269494084437 4.895749109325544 19.580137736571043 
22.448673859849826 27.689744724459427 24.13569831633827 19.233778950624174 4.067077984261534 4.2440791272831335 18.417821304710692 27.85556164566921 
9.648538377952319 15.782760935634737 12.177379269745616 5.90301307919879 4.719955907148649 4.920098966673629 4.952378582030593 16.974120858002973 
99.93799793992714 99.94179838361447 3.062425854565576 99.92972294217718 99.15461024318859 99.28731990162622 92.82609575895857 61.039547399469015 
99.14800645576626 99.20194133648674 3.07772138979217 99.03429661042821 98.38576570570969 98.51664344247226 1.4206932296123567 60.63351415375598 
92.47277602399613 92.93416054588182 3.207073542028507 92.49785312654944 45.67012268190747 13.478637364690663 85.91701417128124 57.20096488562477 
48.340604676696614 51.61086810030068 4.061490142374147 48.51270902200282 26.046837012257328 10.058822241829615 3.3483612846477593 34.51912172188785 
93.50827857463145 93.90619150981277 3.187009429936712 93.6579214323115 11.48625076923331 53.159575631848114 86.98892253928774 57.73341549843609 
51.6959799048872 54.75383354683304 3.9965210003378138 52.8094521460432 8.48052040142045 30.861883374695065 3.1863344188964615 36.24374416658912 
86.25605503394424 87.09849621773284 3.327530016724091 86.58242520490845 0.799172941729642 0.831817553534605 80.40382175840733 54.00435576206522 
32.597501289368545 36.86437132943396 4.366319215281024 34.19807267421719 3.509749935460534 3.526004512322329 3.897215688480335 26.427356239766297 
65.7033637859842 68.09266670443034 3.72383376373669 61.12602253040074 66.03697636867658 66.09058173328135 57.18939914216433 43.46589702298507 
23.616298221901438 28.95647490810006 4.536827083903952 13.421879526688635 25.340271573846103 25.296652603306153 4.654434666400725 21.86324108115051 
5.747122113341194 12.313325131073631 4.882185315038163 6.061127527852725 7.365269093142766 6.811261630534042 6.10910532938349 12.688490815945771 
4.6293409107258805 11.296943532231282 4.903622654299074 4.947070236461455 6.881570081584922 6.727386712743642 4.995617025230552 12.117128169666392 
4.173540075552302 10.849367959462354 4.912586840279283 6.382468087838306 5.105669762737137 5.826161411042061 6.321112547093424 11.880722146228994 
2.8169772839508136 9.61128680445852 4.938634422606741 5.057175882180992 5.01038945858753 5.119348092563293 4.994951764597326 11.186831637487442 
3.300171545795324 10.036843355156433 4.929460276023064 5.596451080001373 4.96032812529697 4.967854978613524 5.591188690837682 11.432394878560384 
2.691727152248721 9.494793224451211 4.941054041124174 5.002455092733637 4.989714109311329 4.99706527180653 4.997159592123581 11.122540034270521 
98.16824558098727 98.22046649889536 95.00644647715029 98.22223871671879 97.45254979433417 97.5828604214315 91.24041960248282 92.29758887968177 
79.53637801303923 80.14566813223458 77.6920646284753 80.13956756073858 79.54921243510557 79.65369122935445 2.1414987955664753 76.5305856704573 
29.99334126470436 31.989139359083303 31.583381277641415 32.37516216090937 17.57176252526274 7.6208776482036225 30.088442110702523 34.56835691049995 
4.764002424703057 7.599588048367978 8.200184779328366 8.004195474816548 6.289599421741118 5.3099683925881696 4.893376174322164 13.251691575415494 
33.2829830122921 35.184997731637395 34.643732665482716 35.59660876453449 7.215576016816508 21.450366251040823 33.077992591901406 37.35396392302994 
5.167631466633222 7.991199316160942 8.575309157345481 8.456246873784318 5.227108652249886 6.687522784085363 4.876255623257589 13.593277611662351 
18.613901387417584 20.93411239954571 20.997096419465613 21.438104748850094 4.1732203082838755 4.179645210263871 19.928550384822508 24.932460374326237 
3.3812521692198927 6.258008220510851 6.915085652019074 6.734048249297659 4.928999610324554 4.929774031556709 4.94195777044178 12.081487923490053 
7.304240650872745 10.43569684525742 10.831151787417761 10.036558184448834 10.482990912628832 10.487806317068603 9.700524038548144 15.546529901183934 
2.463223006667089 5.773378674587481 6.357141255034077 5.338235281431893 5.863258018464048 5.861406793128189 4.984651818919705 11.463135125423062 
1.6862836681476954 5.007526173328763 5.626311402146482 5.031189255317458 5.082000448032737 5.062793813033317 5.051514231548735 10.800917613703108 
1.6320757593025013 4.970438497997113 5.587206368950513 4.978825650033666 5.0645023142603565 5.059216736960817 4.99916183298665 10.76109714082383 
1.630281990187458 4.953416348917989 5.574427808878205 5.041566293714631 5.0036053122916035 5.02818753267658 5.058145209510805 10.753611760015582 
1.5691481726837537 4.909646517187125 5.528913275412101 4.982552486680455 5.000349743725517 5.004017653679896 4.9991417057735505 10.707944638393485 
1.5999598907528296 4.924118593280399 5.5463354457310885 5.014569127208661 4.998658259680981 4.998912824978078 5.033069189443154 10.727998013220848 
1.5648830109479501 4.905526104434524 5.524962234455648 4.980709460706091 4.999654173414131 4.999901330175256 4.99921611769866 10.70434202097704 
64.77901194437356 65.85547154342825 3.7438775804216418 66.10918520034298 65.47368501071954 65.55892185744973 61.440770324769744 43.022432708198814 
12.84263280397631 15.593727495683677 4.749921564226281 16.134261043415695 15.801346816824758 15.816484625190853 4.581866519698835 16.41664823003584 
2.97511341869492 5.940486517901744 4.941760566402596 6.654409869977962 5.592724959101579 5.123567367242269 6.266793882129367 11.351023971462746 
1.6553204413378624 4.759539104609287 4.966678704389051 5.384664976046884 5.045302046035369 5.010888809465792 4.991776393952634 10.684866830069938 
3.200145137336897 6.158640588669635 4.937399002269953 6.873066400417725 5.1093548361985395 5.811945558687408 6.469600018318906 11.466341479093426 
1.6700223844198936 4.773776985514222 4.966393850347789 5.401001796475071 5.008010807130807 5.059524018209962 4.991157790234537 10.692399320552841 
2.331265550298661 5.316316581798901 4.954239623962226 6.03723187294986 4.96624731055265 4.9665096025796975 5.693945391203091 11.021084121539158 
1.6058535529765816 4.711633622912345 4.967637138453136 5.339345085688809 4.997540301687358 4.997567130309098 4.993508922779682 10.659522638236131 
1.4559963793680628 4.879083140739173 4.9684398066032625 5.177657962095257 5.198290138161734 5.1984642853064 5.18046248334878 10.615016604658413 
1.2673223433267105 4.70910829456832 4.972009764129402 4.996109483021297 5.029726678677895 5.029662930899661 4.998919373859216 10.51966586688922 
1.2519276255814842 4.682103048097171 4.972389342228 4.9965692846447025 5.002801844263181 5.002145579555131 5.012251794800143 10.510529505166916 
1.238586924808791 4.6813745824975905 4.972565884107691 4.983734478748461 5.002203039774106 5.002022513894473 4.999419107585011 10.504953148743494 
1.2500067269162527 4.680248874981434 4.972426519196884 4.99692298558614 5.000123120902569 5.000962600236437 5.012477478002253 10.509545968362657 
1.2364304040056122 4.679293237240956 4.972607619511744 4.983861795318656 5.000011937921518 5.000137135939355 4.999418426193769 10.503848996293708 
1.2489675379224396 4.679245783912975 4.9724466316044715 4.996000840785246 4.999954193396246 4.999962884177561 5.0116209097722 10.509013883750134 
1.2362843337965823 4.679152258987349 4.972610446425909 4.9837988912555415 4.999988196277556 4.999996632210269 4.999420966424287 10.50377420741206 
99.99999413891732 99.99990481196964 96.71045559271198 99.99004735694865 99.2149047687475 99.34769941150904 92.88222999584988 94.64222280535675 
99.99991879945811 99.99875546562829 96.70960046963705 99.86211421115273 99.21273308269588 99.34476979286153 1.3890755658265344 94.58363805759735 
99.99922900161522 99.98747845378816 96.70122302125002 99.80720014272895 49.096122968651166 14.192867175842622 92.71920164671741 72.0055280681982 
99.98956717182888 99.8400994260503 96.59157152070694 97.39111284531978 49.993095066342555 15.814549944859198 1.4792771708565244 71.31430967539275 
99.99934268338646 99.98932472426071 96.70259476861374 99.97283736537685 11.952080055350555 56.61829801777666 92.86512686266835 55.36557906018926 
99.99091610099786 99.86077402595747 96.60695197078675 99.62462134004822 11.928504438619566 56.48200644923921 1.3984043014023868 55.19407106352735 
99.99848696992181 99.97542734664829 96.69226925488985 99.94860951458112 0.10472321940209947 0.14276439747579597 92.84123576141954 50.02210140946096 
99.97916294939098 99.68063728289664 96.47294288733985 99.29226380827872 0.12330388149795228 0.1764953785332449 1.4113897086519103 49.719861226811226 
99.99500575489607 99.93791007060182 96.66409256752794 91.51932475032551 99.08440275037883 99.1670318223465 85.43519146909895 90.77584894466415 
99.96688220011792 99.59198712408774 96.40531813259999 43.763011238313254 98.35204111430649 98.15185106687146 3.417953222552887 68.98119250338523 
99.743385583465 96.809693822868 94.32466639708727 35.82966727494246 73.16685910921727 57.20040998146702 36.38551712601072 54.188245124049175 
99.61621021100507 95.27169147373274 93.17358290037693 4.027533648228847 85.15033204201087 78.58249365590363 4.858856766917528 45.35949031958077 
99.51282842357756 93.94333915229718 92.18107254069837 79.86835680569465 10.686611052801954 49.45981981730391 74.99674179889072 46.15665789850919 
98.13330774858306 77.00226232853704 79.5073983103755 22.861709964552347 7.112426141454299 29.266330005485962 4.195173521954327 20.146566693830557 
99.05211621319432 88.21562895381224 87.89762342021558 67.8048648028056 0.883592033200295 1.6645886256003815 64.20454827307863 36.42623008711682 
97.4716070056001 68.85007757897097 73.40927336547752 14.12243207507056 2.1709344261903083 4.192822600205881 4.518918207552542 13.843628074697953 
99.99982814288127 99.99775272644773 3.061241839592804 99.98845459737224 99.21286234729718 99.34565411129313 92.88043250211315 94.64027951199822 
99.99761968311115 99.97060023495258 3.0614531920340875 99.84008973809875 99.18600148074461 99.31800072726112 1.390021645931013 94.55821989939787 
99.97745678636745 99.7052157736746 3.063500334873533 99.59879119006352 48.97072963259521 14.166726005020926 92.48388050437545 71.81498871614144 
99.70484760475756 96.35451434472658 3.0895829044714 94.74707807079542 48.410124695459 15.434066848243816 1.5934148421668899 68.98120529066529 
99.98077266470492 99.74857554687425 3.0631655811194656 99.79468152731035 11.935218715286235 56.49310474188085 92.66406515421126 55.24342408652538 
99.74183541929605 96.81135816335538 3.0860290936281545 97.24319794712974 11.715289925651682 54.89772357420782 1.5007272474784932 53.64942250185051 
99.95588127364154 99.42308559781945 3.0656784859231023 99.5399509007047 0.13196643966234117 0.1697959107703911 92.38001584116206 49.77154417230164 
99.43048646765043 92.96582563404525 3.1159436829110616 94.06138369759273 0.45436665343630805 0.5039471556455658 1.6362335692565744 46.68397773957141 
99.85561263162481 98.548227748573 3.0728687023622094 90.30002181631211 97.76366257790234 97.84513171760099 84.31716313935372 89.57174277809726 
99.11201023472739 91.15061074432553 3.1323054606191487 40.3446336932986 90.36330230343175 90.18024381501144 3.549744140311721 63.505907446768404 
95.65447468976056 56.30702924866421 3.4116721847296168 22.661291034685828 44.36728124834716 35.146441362758544 23.459828339390203 33.406875499552704 
94.60134318554688 46.19891188247047 3.4933711006242256 3.918371573448461 43.45019419573548 40.29943168536107 4.910433189446683 24.36149484215977 
94.02009428057112 39.87381799869089 3.5434778482924583 36.14377185925002 7.3804925495620415 23.611483860464556 34.76157506203681 22.22873545993636 
91.27708540762089 13.070544626976528 3.759468165435684 6.852641095412526 5.336644354299934 8.867175678057947 4.83642459006229 7.413815122073341 
92.49260930485269 24.51540869201645 3.6666628605912117 21.71649971720748 3.88813197848027 4.099084134585594 21.569012806853493 13.488424993976455 
90.89744707350904 9.287204405819322 3.7898570982879645 5.082906494304018 4.652653797508139 4.900896604464985 4.904081725222856 6.085800434049367 
99.99483147561895 99.95545590262161 96.6769807174502 99.9567958059098 99.17278552206496 99.30552079831403 92.84506816333598 94.60214779912734 
99.92878030990242 99.41874389916313 96.27194422987829 99.40466773741129 98.66295093903592 98.79421714373824 1.4086051438424787 94.06086918170737 
99.3575957973061 94.46354254108574 92.54108998034299 95.68447135865148 46.64591361865692 13.682063785632606 88.10935645415049 68.28235332354508 
94.7529557599717 57.17649891907099 64.39840020983956 64.75152309821549 30.649306205787124 11.165072720702259 2.8793204249805204 42.80393485225968 
99.4477924730392 95.24088810644416 93.12649912860348 96.421048337838 11.620023927760213 54.15282408535328 88.89555645621337 52.959939451119965 
95.16247109991984 60.51873881656281 66.92026027074404 68.64714576966048 9.182229459631545 36.075907639289525 2.721234427887955 35.29847560327871 
98.80332238246686 89.68662612460517 88.94365443133564 92.25410804826022 0.6114208021364024 0.6455244351358953 84.24133397266009 45.361978810426585 
92.6651212335315 40.136737100838275 51.541185858178714 52.52256951099672 3.054194308015553 3.0754177583149827 3.4093199887195196 22.843260766186965 
96.60396208691265 77.1968179650411 79.36976216431323 71.61219134954024 77.51659297167247 77.58028024187182 67.16789228518508 71.11268332353659 
90.11545369903935 34.18341235266074 46.64156328794572 17.374123561186977 36.5817478899242 36.51402198342341 4.438496515434231 26.645353087292605 
86.0954626931906 6.635996583794487 25.7115244661355 6.592409046197149 9.18664228787944 8.206021910484404 7.630127827392571 8.02102208894466 
85.69292206460689 4.735835086269893 24.239768996957416 3.8882305793148553 8.386725007950293 8.109203231761688 4.95599163816816 6.705376530465373 
85.67921082549117 3.841013914442399 23.58606955364152 7.184509958305238 5.18947661434243 6.4813912987958355 8.055812242393605 6.371330679001967 
85.19599376546033 1.427021109442017 21.72263934022865 4.052697341225343 5.018989133580439 5.21813618613134 4.953399410687602 5.136156324043615 
85.44347012211769 2.2580992622356564 22.382336249502085 5.778042495035897 4.928346360729331 4.941941040497421 6.766010708443007 5.547031239969589 
85.16108432989272 1.1945754456958821 21.545809854530475 3.9502069917782845 4.981180083854759 4.994630378624279 4.957341049584882 5.058830852252565 
99.84961434717246 98.94406494572698 3.070256433431229 99.19298615674789 98.21343356792569 98.34481665048159 91.99714585373631 93.68935760066786 
98.15475440910811 87.71082589462969 3.167562646078645 90.09786699694412 87.5534421388096 87.66913865409158 1.8042542603508283 83.49722048165748 
91.7146452937249 41.824261111697666 3.5588308458454434 56.00095123836536 23.272096465009817 8.809245451044173 44.051805833581014 32.765059377701824 
85.86829873726212 5.884106657626551 3.8756087998494513 24.954158875885092 7.35000397822097 5.564847458384781 4.573407635683097 8.463617946717491 
92.26870484791195 45.714598350795264 3.525554834670613 59.005491452336365 8.152991090051366 28.410552300588986 47.37248140801357 27.84240410894501 
85.97706109636182 6.608454448340511 3.8693410223803113 25.644607088464067 5.412417019402132 8.064450032576842 4.544780227903683 7.987786089057214 
89.60147433281296 26.986600395102332 3.68574482102778 44.86568798624697 3.702725763355431 3.7128068767343945 31.6715776545886 16.931094983143993 
85.48988493653395 3.3639038705410016 3.897416100774592 23.065515548127852 4.869054481751323 4.870482741371455 4.654438324310357 6.200785380523659 
84.21170702871315 12.930104921521469 3.8495662704759557 15.275355397365619 16.468676198773807 16.47874849602287 15.437562890120457 15.455882255332975 
82.24985978648715 2.899068492308314 3.9422275185330182 4.7475034842710215 6.929276451290506 6.92513918830526 4.929866817996651 6.3222786191800635 
82.06842961803737 1.1102748986683164 3.9565844980637186 4.77510407477013 5.183671127639197 5.140650578445499 5.803149909550844 5.132534497944992 
81.90822708585596 1.030190102293178 3.9591839729807705 3.9243548582221996 5.145687862904689 5.1337496174352415 4.961585362411234 5.073360742778959 
82.0455348233413 0.9840137901588818 3.957727682019823 4.798036852275951 5.008081172750249 5.063181300963332 5.818972677424508 5.058487218347172 
81.88206534753704 0.8870740970068869 3.9604824737485824 3.931254419150148 5.000790583656795 5.009081767895332 4.961485527813124 5.005668661189947 
82.03312493020725 0.9155752265292497 3.958347333382331 4.737332222400913 4.99699138789918 4.997562204936157 5.763270072440355 5.022968893483307 
81.88029060821862 0.8773655065997291 3.9605705604169663 3.9269851150680255 4.9992182282038184 4.999776948073769 4.961650053992106 5.0024438100936 
99.9978841937954 99.998004863283 96.70853005206797 99.98804311896069 99.21291688584371 99.345708726711 92.88037572891638 94.64033140353865 
99.97069517082309 99.97244069212618 96.6829311504967 99.8343920366698 99.18520068109645 99.31719880531293 1.3901308098303322 94.55745844663569 
99.7224399770811 99.73826988894659 96.44864835972564 99.54478219502766 48.97406879899318 14.167422132279018 92.47640265217402 71.82006269073923 
96.37008214360267 96.58629561847263 93.2923803630591 94.04668142968897 48.3644068084333 15.423078087148722 1.6067225026951972 68.91382272644168 
99.76326888877071 99.77677023016408 96.48717044885484 99.74862991060131 11.935667908279395 56.49643994193665 92.65769896008163 55.24667834496753 
96.82455594725367 97.01369901331215 93.72033985250974 96.62819284176713 11.709103104629126 54.85175262007116 1.5124541526750481 53.60460161203012 
99.45675514666537 99.48773769976953 96.19797465097348 99.43423489845848 0.13124289280971646 0.16907798659772888 92.36536463328491 49.778198668305286 
93.00271476201016 93.41950307949125 90.12146750990428 92.7126418798346 0.46359496608677236 0.5130748124927856 1.6617994242739993 46.59935305698753 
98.22892026022558 98.3486133059158 95.05309743758882 89.9912431896846 97.42270877158681 97.50387847061545 84.01456627044831 89.26089845818144 
89.31802310582857 90.04325347231642 86.71643095389344 39.63382529530438 88.40782048731386 88.2289554583279 3.5864789667076757 62.16566831519217 
51.846745312283446 55.101036795627344 51.64728432481209 21.02530230868121 40.433224592285995 32.13384296787453 21.314233805157144 30.568115643825855 
41.82667182135834 45.776227651031896 42.283354726095 4.591682610022119 38.6533745621627 35.89568261454153 4.940737037903358 21.946068846613283 
36.13631698373528 40.45235005528217 36.9450001668138 32.187114630750166 7.064991849016487 21.144794268325658 30.418074127155364 19.945309658782712 
12.711416704956454 18.637691577148857 15.04301906519084 7.313665396912872 5.273627064638074 8.143269494084437 4.895749109325544 6.961967096716718 
22.448673859849826 27.689744724459427 24.13569831633827 19.233778950624174 4.067077984261534 4.2440791272831335 18.417821304710692 12.122282863213698 
9.648538377952319 15.782760935634737 12.177379269745616 5.90301307919879 4.719955907148649 4.920098966673629 4.952378582030593 5.875414774624136 
99.93799793992714 99.94179838361447 3.062425854565576 99.92972294217718 99.15461024318859 99.28731990162622 92.82609575895857 94.58485464999575 
99.14800645576626 99.20194133648674 3.07772138979217 99.03429661042821 98.38576570570969 98.51664344247226 1.4206932296123567 93.79730330473177 
92.47277602399613 92.93416054588182 3.207073542028507 92.49785312654944 45.67012268190747 13.478637364690663 85.91701417128124 66.79960648324936 
48.340604676696614 51.61086810030068 4.061490142374147 48.51270902200282 26.046837012257328 10.058822241829615 3.3483612846477593 36.02045914512825 
93.50827857463145 93.90619150981277 3.187009429936712 93.6579214323115 11.48625076923331 53.159575631848114 86.98892253928774 51.99079603817371 
51.6959799048872 54.75383354683304 3.9965210003378138 52.8094521460432 8.48052040142045 30.861883374695065 3.1863344188964615 30.214891599573306 
86.25605503394424 87.09849621773284 3.327530016724091 86.58242520490845 0.799172941729642 0.831817553534605 80.40382175840733 43.63521314477251 
32.597501289368545 36.86437132943396 4.366319215281024 34.19807267421719 3.509749935460534 3.526004512322329 3.897215688480335 18.66576355385499 
65.7033637859842 68.09266670443034 3.72383376373669 61.12602253040074 66.03697636867658 66.09058173328135 57.18939914216433 60.64682680645021 
23.616298221901438 28.95647490810006 4.536827083903952 13.421879526688635 25.340271573846103 25.296652603306153 4.654434666400725 18.940721762514727 
5.747122113341194 12.313325131073631 4.882185315038163 6.061127527852725 7.365269093142766 6.811261630534042 6.10910532938349 6.706744853117522 
4.6293409107258805 11.296943532231282 4.903622654299074 4.947070236461455 6.881570081584922 6.727386712743642 4.995617025230552 5.947459699275302 
4.173540075552302 10.849367959462354 4.912586840279283 6.382468087838306 5.105669762737137 5.826161411042061 6.321112547093424 5.7647813846958975 
2.8169772839508136 9.61128680445852 4.938634422606741 5.057175882180992 5.01038945858753 5.119348092563293 4.994951764597326 5.07449473584933 
3.300171545795324 10.036843355156433 4.929460276023064 5.596451080001373 4.96032812529697 4.967854978613524 5.591188690837682 5.302870238436119 
2.691727152248721 9.494793224451211 4.941054041124174 5.002455092733637 4.989714109311329 4.99706527180653 4.997159592123581 5.0321535819140335 
98.16824558098727 98.22046649889536 95.00644647715029 98.22223871671879 97.45254979433417 97.5828604214315 91.24041960248282 92.965403010588 
79.53637801303923 80.14566813223458 77.6920646284753 80.13956756073858 79.54921243510557 79.65369122935445 2.1414987955664753 75.88627455912388 
29.99334126470436 31.989139359083303 31.583381277641415 32.37516216090937 17.57176252526274 7.6208776482036225 30.088442110702523 24.10321202959449 
4.764002424703057 7.599588048367978 8.200184779328366 8.004195474816548 6.289599421741118 5.3099683925881696 4.893376174322164 6.900711548837657 
33.2829830122921 35.184997731637395 34.643732665482716 35.59660876453449 7.215576016816508 21.450366251040823 33.077992591901406 21.051134070722945 
5.167631466633222 7.991199316160942 8.575309157345481 8.456246873784318 5.227108652249886 6.687522784085363 4.876255623257589 6.645305697811511 
18.613901387417584 20.93411239954571 20.997096419465613 21.438104748850094 4.1732203082838755 4.179645210263871 19.928550384822508 12.603933504078604 
3.3812521692198927 6.258008220510851 6.915085652019074 6.734048249297659 4.928999610324554 4.929774031556709 4.94195777044178 5.651081694692629 
7.304240650872745 10.43569684525742 10.831151787417761 10.036558184448834 10.482990912628832 10.487806317068603 9.700524038548144 9.998790304641894 
2.463223006667089 5.773378674587481 6.357141255034077 5.338235281431893 5.863258018464048 5.861406793128189 4.984651818919705 5.59165580955867 
1.6862836681476954 5.007526173328763 5.626311402146482 5.031189255317458 5.082000448032737 5.062793813033317 5.051514231548735 5.059170367988548 
1.6320757593025013 4.970438497997113 5.587206368950513 4.978825650033666 5.0645023142603565 5.059216736960817 4.99916183298665 5.032479971843623 
1.630281990187458 4.953416348917989 5.574427808878205 5.041566293714631 5.0036053122916035 5.02818753267658 5.058145209510805 5.026093327506505 
1.5691481726837537 4.909646517187125 5.528913275412101 4.982552486680455 5.000349743725517 5.004017653679896 4.9991417057735505 5.002507740536023 
1.5999598907528296 4.924118593280399 5.5463354457310885 5.014569127208661 4.998658259680981 4.998912824978078 5.033069189443154 5.01024335787965 
1.5648830109479501 4.905526104434524 5.524962234455648 4.980709460706091 4.999654173414131 4.999901330175256 4.99921611769866 5.001081050129111 
64.77901194437356 65.85547154342825 3.7438775804216418 66.10918520034298 65.47368501071954 65.55892185744973 61.440770324769744 62.53861938191025 
12.84263280397631 15.593727495683677 4.749921564226281 16.134261043415695 15.801346816824758 15.816484625190853 4.581866519698835 15.270628099958333 
2.97511341869492 5.940486517901744 4.941760566402596 6.654409869977962 5.592724959101579 5.123567367242269 6.266793882129367 5.900665324070264 
1.6553204413378624 4.759539104609287 4.966678704389051 5.384664976046884 5.045302046035369 5.010888809465792 4.991776393952634 5.066769665551763 
3.200145137336897 6.158640588669635 4.937399002269953 6.873066400417725 5.1093548361985395 5.811945558687408 6.469600018318906 5.792240538705029 
1.6700223844198936 4.773776985514222 4.966393850347789 5.401001796475071 5.008010807130807 5.059524018209962 4.991157790234537 5.058034894249185 
2.331265550298661 5.316316581798901 4.954239623962226 6.03723187294986 4.96624731055265 4.9665096025796975 5.693945391203091 5.310425145553193 
1.6058535529765816 4.711633622912345 4.967637138453136 5.339345085688809 4.997540301687358 4.997567130309098 4.993508922779682 5.022555714879103 
1.4559963793680628 4.879083140739173 4.9684398066032625 5.177657962095257 5.198290138161734 5.1984642853064 5.18046248334878 5.180779219944712 
1.2673223433267105 4.70910829456832 4.972009764129402 4.996109483021297 5.029726678677895 5.029662930899661 4.998919373859216 5.0203739342843905 
1.2519276255814842 4.682103048097171 4.972389342228 4.9965692846447025 5.002801844263181 5.002145579555131 5.012251794800143 5.002021771344869 
1.238586924808791 4.6813745824975905 4.972565884107691 4.983734478748461 5.002203039774106 5.002022513894473 4.999419107585011 5.00110933492315 
1.2500067269162527 4.680248874981434 4.972426519196884 4.99692298558614 5.000123120902569 5.000962600236437 5.012477478002253 5.000891083427393 
1.2364304040056122 4.679293237240956 4.972607619511744 4.983861795318656 5.000011937921518 5.000137135939355 4.999418426193769 5.000085597560531 
1.2489675379224396 4.679245783912975 4.9724466316044715 4.996000840785246 4.999954193396246 4.999962884177561 5.0116209097722 5.000349705102262 
1.2362843337965823 4.679152258987349 4.972610446425909 4.9837988912555415 4.999988196277556 4.999996632210269 4.999420966424287 5.000036898307412 
99.99999413891732 99.99990481196964 96.71045559271198 99.99004735694865 99.2149047687475 99.34769941150904 92.88222999584988 90.99242382992195 
99.99991879945811 99.99875546562829 96.70960046963705 99.86211421115273 99.21273308269588 99.34476979286153 1.3890755658265344 50.09587308744698 
99.99922900161522 99.98747845378816 96.70122302125002 99.80720014272895 49.096122968651166 14.192867175842622 92.71920164671741 31.867720462042225 
99.98956717182888 99.8400994260503 96.59157152070694 97.39111284531978 49.993095066342555 15.814549944859198 1.4792771708565244 13.11471911683906 
99.99934268338646 99.98932472426071 96.70259476861374 99.97283736537685 11.952080055350555 56.61829801777666 92.86512686266835 15.358748061536897 
99.99091610099786 99.86077402595747 96.60695197078675 99.62462134004822 11.928504438619566 56.48200644923921 1.3984043014023868 10.418767133985847 
99.99848696992181 99.97542734664829 96.69226925488985 99.94860951458112 0.10472321940209947 0.14276439747579597 92.84123576141954 5.056633738815659 
99.97916294939098 99.68063728289664 96.47294288733985 99.29226380827872 0.12330388149795228 0.1764953785332449 1.4113897086519103 5.017408365752056 
99.99500575489607 99.93791007060182 96.66409256752794 91.51932475032551 99.08440275037883 99.1670318223465 85.43519146909895 83.70503456779487 
99.96688220011792 99.59198712408774 96.40531813259999 43.763011238313254 98.35204111430649 98.15185106687146 3.417953222552887 24.755574727187266 
99.743385583465 96.809693822868 94.32466639708727 35.82966727494246 73.16685910921727 57.20040998146702 36.38551712601072 14.605251112919488 
99.61621021100507 95.27169147373274 93.17358290037693 4.027533648228847 85.15033204201087 78.58249365590363 4.858856766917528 5.3206381336826185 
99.51282842357756 93.94333915229718 92.18107254069837 79.86835680569465 10.686611052801954 49.45981981730391 74.99674179889072 13.246409977663145 
98.13330774858306 77.00226232853704 79.5073983103755 22.861709964552347 7.112426141454299 29.266330005485962 4.195173521954327 6.196055231154314 
99.05211621319432 88.21562895381224 87.89762342021558 67.8048648028056 0.883592033200295 1.6645886256003815 64.20454827307863 5.03810948552402 
97.4716070056001 68.85007757897097 73.40927336547752 14.12243207507056 2.1709344261903083 4.192822600205881 4.518918207552542 5.002268906783205 
99.99982814288127 99.99775272644773 3.061241839592804 99.98845459737224 99.21286234729718 99.34565411129313 92.88043250211315 90.99055965809661 
99.99761968311115 99.97060023495258 3.0614531920340875 99.84008973809875 99.18600148074461 99.31800072726112 1.390021645931013 50.08307773707795 
99.97745678636745 99.7052157736746 3.063500334873533 99.59879119006352 48.97072963259521 14.166726005020926 92.48388050437545 31.791318436781435 
99.70484760475756 96.35451434472658 3.0895829044714 94.74707807079542 48.410124695459 15.434066848243816 1.5934148421668899 12.829222866557593 
99.98077266470492 99.74857554687425 3.0631655811194656 99.79468152731035 11.935218715286235 56.49310474188085 92.66406515421126 15.333624303997343 
99.74183541929605 96.81135816335538 3.0860290936281545 97.24319794712974 11.715289925651682 54.89772357420782 1.5007272474784932 10.252012561538846 
99.95588127364154 99.42308559781945 3.0656784859231023 99.5399509007047 0.13196643966234117 0.1697959107703911 92.38001584116206 5.056318560432524 
99.43048646765043 92.96582563404525 3.1159436829110616 94.06138369759273 0.45436665343630805 0.5039471556455658 1.6362335692565744 5.016226569371728 
99.85561263162481 98.548227748573 3.0728687023622094 90.30002181631211 97.76366257790234 97.84513171760099 84.31716313935372 82.60018724038363 
99.11201023472739 91.15061074432553 3.1323054606191487 40.3446336932986 90.36330230343175 90.18024381501144 3.549744140311721 23.06496223847939 
95.65447468976056 56.30702924866421 3.4116721847296168 22.661291034685828 44.36728124834716 35.146441362758544 23.459828339390203 10.547162168898753 
94.60134318554688 46.19891188247047 3.4933711006242256 3.918371573448461 43.45019419573548 40.29943168536107 4.910433189446683 5.153818433343392 
94.02009428057112 39.87381799869089 3.5434778482924583 36.14377185925002 7.3804925495620415 23.611483860464556 34.76157506203681 8.452059113975924 
91.27708540762089 13.070544626976528 3.759468165435684 6.852641095412526 5.336644354299934 8.867175678057947 4.83642459006229 5.19060796166904 
92.49260930485269 24.51540869201645 3.6666628605912117 21.71649971720748 3.88813197848027 4.099084134585594 21.569012806853493 5.010293614873083 
90.89744707350904 9.287204405819322 3.7898570982879645 5.082906494304018 4.652653797508139 4.900896604464985 4.904081725222856 5.000278571186978 
99.99483147561895 99.95545590262161 96.6769807174502 99.9567958059098 99.17278552206496 99.30552079831403 92.84506816333598 90.95398048466767 
99.92878030990242 99.41874389916313 96.27194422987829 99.40466773741129 98.66295093903592 98.79421714373824 1.4086051438424787 49.832714329973385 
99.3575957973061 94.46354254108574 92.54108998034299 95.68447135865148 46.64591361865692 13.682063785632606 88.10935645415049 30.374810531254692 
94.7529557599717 57.17649891907099 64.39840020983956 64.75152309821549 30.649306205787124 11.165072720702259 2.8793204249805204 9.625974609989836 
99.4477924730392 95.24088810644416 93.12649912860348 96.421048337838 11.620023927760213 54.15282408535328 88.89555645621337 14.86397732520876 
95.16247109991984 60.51873881656281 66.92026027074404 68.64714576966048 9.182229459631545 36.075907639289525 2.721234427887955 8.270911889197558 
98.80332238246686 89.68662612460517 88.94365443133564 92.25410804826022 0.6114208021364024 0.6455244351358953 84.24133397266009 5.050771725318724 
92.6651212335315 40.136737100838275 51.541185858178714 52.52256951099672 3.054194308015553 3.0754177583149827 3.4093199887195196 5.006945952002212 
96.60396208691265 77.1968179650411 79.36976216431323 71.61219134954024 77.51659297167247 77.58028024187182 67.16789228518508 65.6627750161406 
90.11545369903935 34.18341235266074 46.64156328794572 17.374123561186977 36.5817478899242 36.51402198342341 4.438496515434231 11.683470152416081 
86.0954626931906 6.635996583794487 25.7115244661355 6.592409046197149 9.18664228787944 8.206021910484404 7.630127827392571 5.589931104653351 
85.69292206460689 4.735835086269893 24.239768996957416 3.8882305793148553 8.386725007950293 8.109203231761688 4.95599163816816 5.013548455236299 
85.67921082549117 3.841013914442399 23.58606955364152 7.184509958305238 5.18947661434243 6.4813912987958355 8.055812242393605 5.274768544663757 
85.19599376546033 1.427021109442017 21.72263934022865 4.052697341225343 5.018989133580439 5.21813618613134 4.953399410687602 5.010751643386852 
85.44347012211769 2.2580992622356564 22.382336249502085 5.778042495035897 4.928346360729331 4.941941040497421 6.766010708443007 5.000663365572736 
85.16108432989272 1.1945754456958821 21.545809854530475 3.9502069917782845 4.981180083854759 4.994630378624279 4.957341049584882 5.000015093547431 
99.84961434717246 98.94406494572698 3.070256433431229 99.19298615674789 98.21343356792569 98.34481665048159 91.99714585373631 90.07835470077606 
98.15475440910811 87.71082589462969 3.167562646078645 90.09786699694412 87.5534421388096 87.66913865409158 1.8042542603508283 44.515036108292556 
91.7146452937249 41.824261111697666 3.5588308458454434 56.00095123836536 23.272096465009817 8.809245451044173 44.051805833581014 16.133168791876916 
85.86829873726212 5.884106657626551 3.8756087998494513 24.954158875885092 7.35000397822097 5.564847458384781 4.573407635683097 5.423834416783267 
92.26870484791195 45.714598350795264 3.525554834670613 59.005491452336365 8.152991090051366 28.410552300588986 47.37248140801357 9.698024200250059 
85.97706109636182 6.608454448340511 3.8693410223803113 25.644607088464067 5.412417019402132 8.064450032576842 4.544780227903683 5.322550387321097 
89.60147433281296 26.986600395102332 3.68574482102778 44.86568798624697 3.702725763355431 3.7128068767343945 31.6715776545886 5.0150082403065745 
85.48988493653395 3.3639038705410016 3.897416100774592 23.065515548127852 4.869054481751323 4.870482741371455 4.654438324310357 5.000467436850664 
84.21170702871315 12.930104921521469 3.8495662704759557 15.275355397365619 16.468676198773807 16.47874849602287 15.437562890120457 14.59396595274347 
82.24985978648715 2.899068492308314 3.9422275185330182 4.7475034842710215 6.929276451290506 6.92513918830526 4.929866817996651 5.4082820755488665 
82.06842961803737 1.1102748986683164 3.9565844980637186 4.77510407477013 5.183671127639197 5.140650578445499 5.803149909550844 5.025880718669183 
81.90822708585596 1.030190102293178 3.9591839729807705 3.9243548582221996 5.145687862904689 5.1337496174352415 4.961585362411234 5.0005828183523615 
82.0455348233413 0.9840137901588818 3.957727682019823 4.798036852275951 5.008081172750249 5.063181300963332 5.818972677424508 5.011718871394595 
81.88206534753704 0.8870740970068869 3.9604824737485824 3.931254419150148 5.000790583656795 5.009081767895332 4.961485527813124 5.000447628298012 
82.03312493020725 0.9155752265292497 3.958347333382331 4.737332222400913 4.99699138789918 4.997562204936157 5.763270072440355 5.00002785357045 
81.88029060821862 0.8773655065997291 3.9605705604169663 3.9269851150680255 4.9992182282038184 4.999776948073769 4.961650053992106 5.000000626979928 
99.9978841937954 99.998004863283 96.70853005206797 99.98804311896069 99.21291688584371 99.345708726711 92.88037572891638 90.99060943686378 
99.97069517082309 99.97244069212618 96.6829311504967 99.8343920366698 99.18520068109645 99.31719880531293 1.3901308098303322 50.08269442626505 
99.7224399770811 99.73826988894659 96.44864835972564 99.54478219502766 48.97406879899318 14.167422132279018 92.47640265217402 31.79335298728876 
96.37008214360267 96.58629561847263 93.2923803630591 94.04668142968897 48.3644068084333 15.423078087148722 1.6067225026951972 12.820977427756775 
99.76326888877071 99.77677023016408 96.48717044885484 99.74862991060131 11.935667908279395 56.49643994193665 92.65769896008163 15.334293611170175 
96.82455594725367 97.01369901331215 93.72033985250974 96.62819284176713 11.709103104629126 54.85175262007116 1.5124541526750481 10.247173863271726 
99.45675514666537 99.48773769976953 96.19797465097348 99.43423489845848 0.13124289280971646 0.16907798659772888 92.36536463328491 5.0563269311877015 
93.00271476201016 93.41950307949125 90.12146750990428 92.7126418798346 0.46359496608677236 0.5130748124927856 1.6617994242739993 5.016193627019369 
98.22892026022558 98.3486133059158 95.05309743758882 89.9912431896846 97.42270877158681 97.50387847061545 84.01456627044831 82.31496694533347 
89.31802310582857 90.04325347231642 86.71643095389344 39.63382529530438 88.40782048731386 88.2289554583279 3.5864789667076757 22.651134466908022 
51.846745312283446 55.101036795627344 51.64728432481209 21.02530230868121 40.433224592285995 32.13384296787453 21.314233805157144 9.992822383147788 
41.82667182135834 45.776227651031896 42.283354726095 4.591682610022119 38.6533745621627 35.89568261454153 4.940737037903358 5.134628952080676 
36.13631698373528 40.45235005528217 36.9450001668138 32.187114630750166 7.064991849016487 21.144794268325658 30.418074127155364 7.994537384288325 
12.711416704956454 18.637691577148857 15.04301906519084 7.313665396912872 5.273627064638074 8.143269494084437 4.895749109325544 5.154927585690857 
22.448673859849826 27.689744724459427 24.13569831633827 19.233778950624174 4.067077984261534 4.2440791272831335 18.417821304710692 5.0086369422906 
9.648538377952319 15.782760935634737 12.177379269745616 5.90301307919879 4.719955907148649 4.920098966673629 4.952378582030593 5.000224594985615 
99.93799793992714 99.94179838361447 3.062425854565576 99.92972294217718 99.15461024318859 99.28731990162622 92.82609575895857 90.93739142916523 
99.14800645576626 99.20194133648674 3.07772138979217 99.03429661042821 98.38576570570969 98.51664344247226 1.4206932296123567 49.7000368277421 
92.47277602399613 92.93416054588182 3.207073542028507 92.49785312654944 45.67012268190747 13.478637364690663 85.91701417128124 29.78026215935776 
48.340604676696614 51.61086810030068 4.061490142374147 48.51270902200282 26.046837012257328 10.058822241829615 3.3483612846477593 8.795897357150713 
93.50827857463145 93.90619150981277 3.187009429936712 93.6579214323115 11.48625076923331 53.159575631848114 86.98892253928774 14.664652456170508 
51.6959799048872 54.75383354683304 3.9965210003378138 52.8094521460432 8.48052040142045 30.861883374695065 3.1863344188964615 7.722106874213399 
86.25605503394424 87.09849621773284 3.327530016724091 86.58242520490845 0.799172941729642 0.831817553534605 80.40382175840733 5.048599610009954 
32.597501289368545 36.86437132943396 4.366319215281024 34.19807267421719 3.509749935460534 3.526004512322329 3.897215688480335 5.0053197528726665 
65.7033637859842 68.09266670443034 3.72383376373669 61.12602253040074 66.03697636867658 66.09058173328135 57.18939914216433 56.059657016221266 
23.616298221901438 28.95647490810006 4.536827083903952 13.421879526688635 25.340271573846103 25.296652603306153 4.654434666400725 9.30449886528316 
5.747122113341194 12.313325131073631 4.882185315038163 6.061127527852725 7.365269093142766 6.811261630534042 6.10910532938349 5.333285175320504 
4.6293409107258805 11.296943532231282 4.903622654299074 4.947070236461455 6.881570081584922 6.727386712743642 4.995617025230552 5.007527144354634 
4.173540075552302 10.849367959462354 4.912586840279283 6.382468087838306 5.105669762737137 5.826161411042061 6.321112547093424 5.153236466795715 
2.8169772839508136 9.61128680445852 4.938634422606741 5.057175882180992 5.01038945858753 5.119348092563293 4.994951764597326 5.005882509238363 
3.300171545795324 10.036843355156433 4.929460276023064 5.596451080001373 4.96032812529697 4.967854978613524 5.591188690837682 5.00036728010123 
2.691727152248721 9.494793224451211 4.941054041124174 5.002455092733637 4.989714109311329 4.99706527180653 4.997159592123581 5.000008249270495 
98.16824558098727 98.22046649889536 95.00644647715029 98.22223871671879 97.45254979433417 97.5828604214315 91.24041960248282 89.38387605002974 
79.53637801303923 80.14566813223458 77.6920646284753 80.13956756073858 79.54921243510557 79.65369122935445 2.1414987955664753 40.683730985616855 
29.99334126470436 31.989139359083303 31.583381277641415 32.37516216090937 17.57176252526274 7.6208776482036225 30.088442110702523 12.659961432075745 
4.764002424703057 7.599588048367978 8.200184779328366 8.004195474816548 6.289599421741118 5.3099683925881696 4.893376174322164 5.23258540149854 
33.2829830122921 35.184997731637395 34.643732665482716 35.59660876453449 7.215576016816508 21.450366251040823 33.077992591901406 8.301255679833847 
5.167631466633222 7.991199316160942 8.575309157345481 8.456246873784318 5.227108652249886 6.687522784085363 4.876255623257589 5.177621146317789 
18.613901387417584 20.93411239954571 20.997096419465613 21.438104748850094 4.1732203082838755 4.179645210263871 19.928550384822508 5.009565061837637 
3.3812521692198927 6.258008220510851 6.915085652019074 6.734048249297659 4.928999610324554 4.929774031556709 4.94195777044178 5.000253450434878 
7.304240650872745 10.43569684525742 10.831151787417761 10.036558184448834 10.482990912628832 10.487806317068603 9.700524038548144 9.586721886924229 
2.463223006667089 5.773378674587481 6.357141255034077 5.338235281431893 5.863258018464048 5.861406793128189 4.984651818919705 5.182686506787014 
1.6862836681476954 5.007526173328763 5.626311402146482 5.031189255317458 5.082000448032737 5.062793813033317 5.051514231548735 5.011554513513143 
1.6320757593025013 4.970438497997113 5.587206368950513 4.978825650033666 5.0645023142603565 5.059216736960817 4.99916183298665 5.000258038876894 
1.630281990187458 4.953416348917989 5.574427808878205 5.041566293714631 5.0036053122916035 5.02818753267658 5.058145209510805 5.005228225207956 
1.5691481726837537 4.909646517187125 5.528913275412101 4.982552486680455 5.000349743725517 5.004017653679896 4.9991417057735505 5.000198024822866 
1.5999598907528296 4.924118593280399 5.5463354457310885 5.014569127208661 4.998658259680981 4.998912824978078 5.033069189443154 5.000012421760344 
1.5648830109479501 4.905526104434524 5.524962234455648 4.980709460706091 4.999654173414131 4.999901330175256 4.99921611769866 5.000000277352464 
64.77901194437356 65.85547154342825 3.7438775804216418 66.10918520034298 65.47368501071954 65.55892185744973 61.440770324769744 60.19592430479219 
12.84263280397631 15.593727495683677 4.749921564226281 16.134261043415695 15.801346816824758 15.816484625190853 4.581866519698835 10.17017338619692 
2.97511341869492 5.940486517901744 4.941760566402596 6.654409869977962 5.592724959101579 5.123567367242269 6.266793882129367 5.361146682290828 
1.6553204413378624 4.759539104609287 4.966678704389051 5.384664976046884 5.045302046035369 5.010888809465792 4.991776393952634 5.008170439896454 
3.200145137336897 6.158640588669635 4.937399002269953 6.873066400417725 5.1093548361985395 5.811945558687408 6.469600018318906 5.162941046200908 
1.6700223844198936 4.773776985514222 4.966393850347789 5.401001796475071 5.008010807130807 5.059524018209962 4.991157790234537 5.006265233540897 
2.331265550298661 5.316316581798901 4.954239623962226 6.03723187294986 4.96624731055265 4.9665096025796975 5.693945391203091 5.000390486806803 
1.6058535529765816 4.711633622912345 4.967637138453136 5.339345085688809 4.997540301687358 4.997567130309098 4.993508922779682 5.0000087803969775 
1.4559963793680628 4.879083140739173 4.9684398066032625 5.177657962095257 5.198290138161734 5.1984642853064 5.18046248334878 5.1658769330754915 
1.2673223433267105 4.70910829456832 4.972009764129402 4.996109483021297 5.029726678677895 5.029662930899661 4.998919373859216 5.006290892143357 
1.2519276255814842 4.682103048097171 4.972389342228 4.9965692846447025 5.002801844263181 5.002145579555131 5.012251794800143 5.0003948020794695 
1.238586924808791 4.6813745824975905 4.972565884107691 4.983734478748461 5.002203039774106 5.002022513894473 4.999419107585011 5.000008813170739 
1.2500067269162527 4.680248874981434 4.972426519196884 4.99692298558614 5.000123120902569 5.000962600236437 5.012477478002253 5.000178543148103 
1.2364304040056122 4.679293237240956 4.972607619511744 4.983861795318656 5.000011937921518 5.000137135939355 4.999418426193769 5.0000067592486195 
1.2489675379224396 4.679245783912975 4.9724466316044715 4.996000840785246 4.999954193396246 4.999962884177561 5.0116209097722 5.000000424075096 
1.2362843337965823 4.679152258987349 4.972610446425909 4.9837988912555415 4.999988196277556 4.999996632210269 4.999420966424287 5.000000009466572 
